110.679
92.223
oopsl
oopsr
98.422
85.108
113.286
85.5619
88.9402
99.8634
110.653
86.5788
106.659
84.6401
107.959
85.8859
101.947
92.4269
107.823
78.8485
115.866
107.584
86.733
90.1593
96.14
107.554
95.003
81.6189
108.706
90.6545
92.0519
92.68
102.57
108.037
97.6629
80.8929
87.5469
132.556
85.0731
99.2922
104.875
80.1286
104.755
103.543
83.1583
113.527
105.12
83.6963
98.0193
101.359
88.3826
105.139
81.6796
108.037
89.9338
87.4135
115.297
104.808
89.8624
99.8679
84.4098
106.227
85.1677
89.495
98.0268
117.298
80.7712
97.577
118.308
81.241
117.317
88.5869
84.9146
115.344
90.9583
107.072
83.9339
102.684
90.23
106.283
95.5247
86.2716
106.695
84.7247
110.934
88.167
105.461
83.729
105.653
100.177
100.734
93.9778
80.8275
107.04
93.8469
109.782
87.1951
snd fps: 95
88.0589
109.336
108.086
85.5483
106.196
83.5958
110.778
84.8104
102.06
104.884
87.6983
83.1283
113.143
103.928
86.9469
107.998
84.3085
100.705
104.436
81.0508
105.055
106.534
82.104
94.5286
110.462
85.2195
121.732
85.3893
108.376
85.5861
101.312
107.956
92.6447
95.2135
88.6266
104.041
84.7088
113.09
87.1336
109.249
89.2821
97.2003
101.624
96.2928
83.9047
120.657
86.4586
85.0525
145.69
86.8504
106.892
84.5133
96.4672
90.6686
111.793
85.9893
93.9678
105.134
87.3859
122.306
102.201
82.8991
125.94
84.9155
107.976
82.5932
95.3622
107.927
84.8889
101.646
108.164
99.9974
82.0177
132.775
89.4627
80.2588
108.529
98.9766
84.8764
129.531
86.6724
103.354
99.5787
81.1925
110.333
108.565
81.1668
124.339
81.9949
100.933
89.4438
105.25
88.7278
103.713
snd fps: 94
77.3681
138.283
73.3659
101.542
129.246
103.576
90.0476
109.998
78.008
111.897
88.0317
103.412
89.409
107.919
88.5369
113.442
102.803
93.7593
87.7095
84.3873
87.7064
134.824
96.3329
102.7
94.5515
102.973
92.9718
106.043
83.0114
122.941
88.0388
82.2174
123.855
94.0034
87.7013
116.181
86.16
84.2791
137.797
84.2922
107.878
100.776
95.7945
86.3715
107.934
84.9276
110.296
102.019
97.2367
84.6645
103.325
88.2974
99.4095
94.311
100.19
109.247
81.8261
116.46
95.96
86.4772
114.318
82.2532
109.671
85.4889
101.123
95.1643
107.555
83.1228
117.562
99.309
82.3859
111.204
98.9464
94.0205
96.1838
83.7628
113.2
103.81
82.4625
113.869
88.2156
87.7477
119.648
105.199
85.0995
87.201
92.215
110.945
93.1287
87.6011
108.036
98.4318
92.9581
116.51
snd fps: 94
82.2259
83.9036
123.955
76.1012
125.911
105.88
76.8091
111.986
73.9252
119.846
94.4945
95.8807
100.313
91.0597
108.447
86.2889
105.805
92.9612
106.796
89.7478
101.449
88.8001
101.406
82.5573
122.519
86.6589
108.107
85.0582
103.593
88.7129
104.903
82.5297
113.955
84.3224
104.176
88.6405
99.2286
97.4182
103.997
90.8571
101.725
97.972
93.9012
110.138
80.0274
98.8974
110.449
97.3787
82.7268
110.347
94.1615
102.376
88.1792
102.071
89.5401
93.4957
104.379
93.9023
96.6284
106.423
91.0472
105.278
90.6907
104.638
87.4736
110.134
84.0246
103.783
93.721
106.36
82.9876
119.205
82.7729
108.356
89.238
107.103
90.5937
83.1313
104.316
77.2839
133.197
82.0964
113.705
98.7847
83.2665
93.5022
102.776
101.348
100.616
84.087
112.129
84.9265
104.485
93.9639
snd fps: 94
87.9629
103.647
89.062
117.591
99.3674
89.8883
83.5711
96.3145
106.218
84.2412
110.622
96.9913
85.7715
116.48
89.7805
94.8788
107.759
86.6462
110.605
89.6168
95.1576
88.5901
89.0321
103.835
95.7473
105.42
83.7115
95.397
108.515
82.3172
136.907
99.4767
81.5809
111.526
84.8962
83.4176
111.472
92.5875
96.7506
118.666
82.6002
113.609
87.8799
108.352
84.6021
104.202
92.52
86.0912
102.651
99.4084
90.5327
96.7982
93.687
109.416
82.003
122.191
96.2883
82.0732
102.613
80.4709
124.566
105.859
88.4286
100.495
97.2686
81.0931
106.404
99.3511
109.551
104.629
75.8252
101.215
89.6363
99.3886
90.338
105.775
94.2599
109.03
85.0876
108.198
89.3218
104.016
99.148
83.3557
98.9685
95.0259
108.608
81.261
120.816
83.2826
96.3681
99.74
108.419
89.4721
snd fps: 94
110.056
81.6602
99.7323
85.4755
101.895
90.2184
110.405
82.5086
116.998
97.4853
95.7444
86.0711
97.0867
98.4102
102.12
94.4021
86.9368
105.531
82.8015
112.014
85.6305
105.326
96.0806
83.144
108.58
87.6987
104.406
86.4778
108.138
100.513
96.11
104.66
76.2027
118.914
105.944
85.4422
88.0644
109.609
86.9646
111.35
93.31
92.049
103.93
78.5076
101.77
103.919
106.48
85.3021
107.608
82.4827
101.564
100.114
86.8658
138.194
79.2232
113.037
85.2328
99.4847
109.505
103.887
108.22
86.838
106.749
82.824
108.669
76.4904
110.181
105.946
82.4013
111.062
84.7155
103.533
90.3862
109.144
84.5523
99.5681
106.348
85.1796
108.869
104.209
82.5981
106.662
81.5874
114.851
106.856
82.5173
117.298
75.3289
95.1238
116.182
102.159
90.0166
103.459
82.7174
snd fps: 94
103.553
89.5588
103.777
106.152
84.3614
105.265
87.5549
106.112
85.8977
108.891
84.7707
109.801
97.0884
81.2149
121.788
87.2444
108.271
85.4775
107.956
84.0656
109.888
100.613
94.458
89.1525
104.766
96.7307
108.352
82.7754
117.127
85.6665
86.4683
119.461
85.9428
109.517
103.086
83.7484
106.517
81.0484
103.892
120.216
83.5597
101.551
90.4158
101.79
79.0709
113.529
107.244
84.9928
105.163
87.0058
104.125
107.955
96.4288
87.3019
93.3141
82.6583
116.925
99.8346
87.6739
106.524
84.1979
107.3
105.799
81.1863
93.8976
97.3098
107.979
85.2532
90.9271
95.3796
113.663
101.123
90.3304
105.19
83.5278
109.285
96.6892
79.1204
105.248
106.771
83.6944
136.999
82.9883
90.297
107.643
103.377
109.815
82.3159
102.886
93.2669
103.856
85.4276
96.0174
107.918
snd fps: 94
90.5801
89.3025
100.218
109.484
81.902
102.981
93.3764
106.757
82.1533
102.615
110.91
86.6507
87.283
97.3959
116.707
84.5807
86.8231
110.404
97.1445
83.4733
118.347
81.424
96.5426
117.523
102.972
75.8322
116.126
82.8499
111.34
85.0165
106.094
90.8126
108.41
82.1431
112.923
84.6555
102.326
90.4112
108.801
88.3699
88.1152
103.632
110.753
83.8778
95.1207
102.275
107.448
81.6718
120.463
83.9652
109.013
83.8822
106.955
85.5267
108.008
79.9022
112.516
105.888
81.2465
95.6036
96.5607
109.628
85.6842
105.696
97.6609
98.8507
85.6968
110.714
98.635
79.3394
109.788
104.681
85.7858
114.663
86.3623
107.418
83.4127
105.85
87.1451
106.769
81.5555
113.724
86.3992
102.48
104.588
90.2996
83.9156
119.72
100.296
87.2675
102.44
94.375
91.7425
106.987
snd fps: 94
79.7402
105.887
99.1503
87.1439
105.252
107.163
88.6735
97.515
90.5424
96.8819
106.437
80.8432
109.617
89.5707
106.45
83.725
105.01
87.9617
120.145
83.8171
110.715
85.0863
104.966
94.3278
107.438
82.3777
119.529
83.7662
85.0232
110.989
110.54
85.774
96.5639
98.2594
92.4015
87.2515
103.627
96.0697
98.5715
108.142
89.4411
104.442
87.7601
89.2286
105.564
85.3669
110.44
84.8158
109.181
84.7266
104.874
107.557
89.6417
104.612
100.703
80.302
88.4594
109.906
105.44
85.821
102.792
99.6808
93.7106
106.341
82.3736
97.484
106.393
93.1427
104.069
87.0947
111.345
81.8147
94.9833
93.524
104.943
94.8804
105.131
82.6106
110.42
87.971
105.802
84.0655
123.571
87.4004
111.704
83.6141
104.243
90.9869
106.835
84.7235
116.338
87.5805
86.7486
114.156
snd fps: 94
88.1785
107.542
83.9971
94.3684
101.687
88.7528
102.432
94.6649
96.992
106.475
106.966
95.6191
77.4294
100.74
105.15
88.3693
107.173
94.1287
87.7446
97.4757
102.259
91.888
106.689
80.2431
128.926
82.1704
118.971
82.4798
101.414
102.627
85.9769
92.8695
117.659
105.744
88.3224
84.0682
102.899
78.0447
125.625
102.919
89.8885
102.772
83.3731
117.25
83.5687
91.1539
122.909
84.3881
103.578
92.196
87.821
109.712
86.9946
102.225
97.2232
104.879
80.1335
112.447
97.7295
92.3281
95.1535
104.701
83.4828
94.9012
126.874
90.423
103.594
80.9245
113.439
99.9174
85.1767
119.102
84.0286
104.045
93.4338
98.6451
90.1124
99.5492
82.4831
111.826
87.3548
94.4324
107.016
97.3954
92.8641
94.2543
105.286
83.8218
120.291
97.352
87.277
106.224
87.5495
100.099
snd fps: 94
107.457
85.8451
119.48
90.7217
107.613
85.1773
87.7467
101.687
87.8717
94.4537
96.9072
105.605
81.222
112.053
89.1765
106.307
85.7811
107.628
86.2126
109.399
85.0003
108.763
102.993
74.9077
109.426
106.624
85.6444
95.5825
104.3
79.3955
113.052
106.925
85.8822
115.362
81.7364
111.168
84.4337
102.598
103.742
87.92
104.109
88.3542
97.8617
87.5135
97.1004
101.364
107.57
84.8634
86.3824
102.398
116.779
75.6228
118.164
87.4477
107.199
83.9021
106.315
84.4643
116.975
75.7662
124.382
105.88
79.5911
120.529
88.0814
108.304
88.0127
102.125
88.2599
95.5089
87.5697
109.935
83.4061
105.014
96.1644
107.816
82.3352
124.013
85.6732
103.824
89.361
105.135
88.7839
104.471
94.2563
94.7676
87.6588
106.263
91.1077
108.096
84.6778
122.163
90.6966
86.8133
snd fps: 94
108.591
82.9583
110.23
97.717
82.4641
120.66
86.0264
90.4386
105.382
87.6358
108.228
90.0451
104.141
79.2305
104.673
96.4656
109.161
91.1004
84.0073
119.312
83.7704
109.657
84.8437
108.253
86.7308
116.36
76.7373
112.947
87.0162
103.988
90.685
126.64
74.7723
125.732
88.3815
98.7675
88.2118
98.6467
110.042
85.5248
102.87
95.2164
87.3856
104.905
91.2975
109.004
83.039
110.737
99.1039
84.3809
102.176
109.483
87.0966
104.792
83.3543
111.21
101.955
81.4037
119.412
85.3246
85.4658
109.542
99.377
108.592
86.8605
103.862
94.1056
104.46
83.8259
96.5618
107.186
84.2864
114.557
85.7322
110.702
82.5849
108.171
87.9214
105.496
82.8691
112.967
90.7452
86.0519
119.367
89.8499
110.027
82.0748
105.604
87.9003
89.3696
101.75
96.1497
95.6894
101.902
snd fps: 94
94.1531
96.7118
91.0414
119.619
86.3461
107.738
86.5348
97.1972
104.125
80.5204
105.871
89.6434
97.1027
100.044
114.841
84.0278
109.881
84.9005
104.216
87.6235
101.859
102.771
88.8695
104.328
85.3991
91.4358
103.447
84.9761
118.38
78.6356
132.691
83.2134
89.0785
99.9967
98.4767
94.5361
105.715
94.7566
86.5842
110.571
88.2498
109.017
98.8565
76.5926
111.742
89.3071
104.491
92.5196
86.6986
103.335
93.329
104.916
76.5005
126.524
106.212
84.0171
125.423
81.6942
99.7832
104.358
81.376
113.837
87.8324
93.4789
120.219
84.3856
85.7449
118.261
104.549
93.7345
80.6941
98.2839
111.192
87.3574
102.497
93.2299
113.309
78.8549
93.6284
105.101
83.651
122.516
85.7268
111.301
91.6315
86.16
111.512
91.8357
99.2361
97.8009
95.84
96.4375
88.2745
109.344
snd fps: 94
89.6615
105.815
84.3578
96.444
108.225
83.7328
111.562
104.115
86.0182
88.9469
98.0929
90.9669
111.796
100.565
97.8732
85.559
104.176
93.2187
108.499
81.2122
117.561
86.303
87.277
119.629
86.3877
110.926
83.9135
105.56
96.3083
83.1515
103.143
99.3159
96.7258
94.7534
125.989
90.1572
87.8301
109.764
83.6077
88.1891
101.547
104.981
90.5137
105.047
84.2157
115.682
82.416
109.712
88.1674
107.594
81.7923
108.746
101.039
96.3265
104.829
73.8293
164.318
81.7281
104.747
86.9823
105.066
83.7853
124.476
99.0394
84.5239
137.639
80.4123
97.9684
107.702
105.975
84.9728
103.924
76.4615
123.992
107.368
87.5167
107.628
82.8474
101.032
90.947
104.994
91.4833
106.765
82.7418
115.026
85.4836
108.068
85.5437
99.1123
89.3678
106.678
88.5648
102.654
104.922
snd fps: 94
83.8301
113.98
85.2789
102.546
89.7859
102.417
87.9177
108.233
98.3565
95.7597
86.6013
115.307
92.8298
104.806
82.0526
131.259
80.9043
110.54
103.408
82.8439
95.8927
105.379
80.6444
113.838
85.2286
102.899
98.5168
106.749
83.6503
116.053
100.029
83.7408
121.457
87.6704
109.641
85.4703
102.42
95.546
96.3499
85.5855
97.4864
101.411
110.859
97.3512
83.4514
108.681
87.8842
84.2437
108.265
105.156
84.0815
89.6745
104.592
85.0649
107.115
94.8379
87.6368
125.365
81.7717
106.235
101.593
87.6863
115.138
85.0909
108.215
87.3645
104.553
86.2183
100.462
102.695
96.2172
106.459
81.1666
95.3811
109.352
84.825
121.109
84.2746
109.058
89.8411
106.753
83.0902
112.906
86.4525
111.248
77.8658
106.209
91.9528
107.411
83.1826
119.707
106.872
74.3017
104.119
snd fps: 94
107.678
86.9374
110.678
83.6577
113.467
84.053
104.696
87.5115
84.4504
106.405
121.078
101.534
92.9997
83.0519
104.066
91.4062
106.805
86.2986
107.659
89.5349
108.86
88.2827
108.099
83.568
101.298
96.298
109.658
89.9531
80.5863
110.668
99.9194
82.2935
120.647
97.7218
83.7529
107.728
83.6926
88.3842
108.231
102.839
83.302
128.967
78.9125
125.299
79.122
106.284
105.863
79.8323
111.642
83.3524
104.046
92.9602
94.5519
101.874
91.4742
104.608
80.9371
129.695
88.7591
89.9453
106.656
83.4115
87.1046
108.797
86.1823
108.365
87.052
103.125
105.345
90.3605
96.7684
96.4768
107.535
80.6045
156.507
104.945
90.2148
102.907
95.1942
101.252
106.822
81.4944
102.938
104.182
100.97
90.0204
106.782
87.5977
105.731
83.4152
113.192
83.0305
84.4033
95.1318
snd fps: 94
104.022
92.2554
117.611
86.6232
109.831
81.9759
116.317
93.1417
82.4893
95.2829
110.56
102.663
82.7943
92.8326
104.633
83.8936
119.546
103.746
87.6183
88.1499
103.227
119.01
82.8806
99.7927
88.7879
106.125
80.6473
111.974
105.409
85.8968
108.742
100.609
87.4341
106.44
93.5717
102.364
106.195
82.9505
130.408
84.7898
84.4006
115.622
95.2157
101.798
96.2237
84.2694
111.83
83.8252
100.991
107.984
82.3976
103.901
91.8225
106.274
95.4027
85.5062
100.911
90.6038
110.722
83.2973
104.567
88.4565
101.567
121.892
84.1541
85.8888
117.011
95.7774
112.338
85.3459
87.6393
110.775
85.8362
104.987
91.3938
107.421
84.9769
117.059
83.9165
109.723
85.3651
110.171
91.5931
95.1774
104.919
88.5805
97.5432
106.696
84.0988
115.523
74.7078
126.046
84.4954
110.789
snd fps: 94
83.8104
103.581
87.7696
108.458
81.4515
125.562
94.089
80.648
108.543
107.056
97.4158
87.8871
98.0997
109.063
82.0053
102.143
96.5293
106.992
83.585
119.61
86.5739
95.0336
99.9196
96.4593
90.9547
83.4526
102.589
111.801
82.3177
95.2011
94.9103
106.833
80.0013
105.484
97.2969
107.659
85.0251
107.461
105.26
96.2187
82.6868
95.8866
99.295
105.625
98.9889
88.5777
105.673
100.546
99.9291
95.3013
87.5272
104.147
91.8329
85.7686
90.6356
132.106
102.753
89.9471
95.5317
106.167
89.9386
81.068
95.1826
109.758
103.842
80.545
123.888
83.6921
104.405
88.9904
108.4
99.8481
81.0136
108.073
85.3847
106.794
86.7013
108.906
85.1151
102.453
87.9587
107.279
83.1197
117.02
89.1761
107.282
82.9873
102.98
101.113
83.8149
102.565
109.491
82.4259
103.788
snd fps: 94
107.379
88.113
108.173
82.9954
105.716
80.6306
114.335
83.5559
112.004
83.9138
91.9976
104.645
104.438
83.4645
103.601
106.721
82.8872
113.069
101.669
89.5423
87.8921
95.9389
126.608
82.2029
102.746
97.4697
107.018
80.6745
107.847
104.102
88.9031
105.828
83.9387
110.491
87.2766
99.676
92.409
102.456
95.6359
100.949
80.8152
96.6279
112.073
80.9988
111.254
97.7463
81.5095
107.639
83.4998
106.338
117.234
81.676
100.306
89.9491
102.71
89.3265
108.524
85.4732
112.062
91.6727
96.2859
95.5982
89.0947
105.195
93.1103
113.256
80.8748
122.616
96.7072
86.1043
107.205
94.0791
95.1593
107.52
82.7613
117.581
90.3602
107.929
88.0787
97.9632
104.481
82.2819
100.757
111.043
83.8012
105.282
98.8222
105.046
74.9114
134.958
81.8422
108.912
91.9094
86.6996
snd fps: 94
110.277
92.8874
82.4212
110.857
104.797
86.8241
92.1234
111.469
86.9073
109.578
83.3019
108.303
86.1044
101.539
92.73
99.0106
85.4424
116.286
102.545
82.7531
114.745
101.745
78.3644
101.606
94.3453
102.343
86.4883
97.8252
95.6047
98.9223
87.0172
114.322
85.5542
106.441
88.2737
106.218
87.8423
104.702
84.8738
118.917
82.7077
102.62
87.5197
108.38
84.8799
105.963
99.8847
84.2985
112.261
86.3122
112.583
83.1991
103.776
98.9742
86.5775
92.9647
122.973
106.218
85.9788
86.1599
105.282
108.117
87.6766
86.739
109.679
95.0803
82.8732
121.106
103.484
74.8009
116.506
107.2
85.1837
109.907
84.104
111.072
83.9696
104.553
96.8195
106.568
75.2983
122.361
106.229
97.8339
94.4445
84.8809
86.3601
111.322
85.4496
109.732
86.4681
103.76
107.961
103.798
snd fps: 94
90.8127
83.3628
106.6
90.0796
108.358
81.5576
105.246
105.806
81.9928
113.334
95.0881
83.2478
115.982
85.7954
107.19
89.5821
106.602
84.3585
123.81
81.3379
110.916
84.7738
100.667
116.982
77.5177
109.172
103.78
97.7724
80.347
114.238
100.184
90.6002
89.0667
104.097
98.2063
108.427
82.9774
121.615
84.9726
108.658
92.1797
81.3229
103.989
112.428
101.729
82.7107
101.994
87.5411
104.266
105.172
84.0029
114.647
102.982
82.5985
108.023
89.143
107.629
83.309
99.5748
125.155
80.7992
104.821
89.803
104.788
85.2095
116.021
86.7666
108.838
86.1964
103.969
94.019
110.106
82.0914
104.143
109.42
84.3461
112.971
107.244
83.3774
118.883
92.6531
81.9256
97.3888
96.403
98.0586
103.86
83.2271
123.34
109.185
82.7049
100.708
94.5079
100.223
87.9253
snd fps: 94
91.4538
111.441
84.9046
103.901
90.5571
103.654
81.5927
115.061
91.3871
109.693
83.3974
104.919
90.083
106.475
83.5986
113.904
104.494
81.5818
93.3442
119.784
82.3535
100.762
86.9715
110.806
86.2597
104.377
90.7952
104.635
85.2081
115.855
84.8225
107.115
86.9902
105.767
85.2431
111.89
93.5672
92.1315
103.57
80.7293
112.672
84.9922
101.695
94.8717
107.027
84.8959
114.138
85.5299
110.361
84.7748
99.6859
100.064
95.0579
93.2235
127.283
85.6178
105.373
86.8048
108.964
97.8538
81.3433
106.913
108.578
82.1885
99.5534
103.116
113.651
81.5092
120.259
85.9758
84.713
120.865
102.598
90.1466
85.0518
96.7127
119.158
83.2066
85.2862
113.113
103.523
98.7905
83.992
107.792
85.0775
108.34
84.9095
112.714
85.7492
103.354
94.5029
106.149
84.7817
95.5947
snd fps: 94
106.112
90.9317
88.0531
103.281
88.5673
99.088
98.391
118.714
81.8204
106.636
91.4336
93.1948
100.498
85.4585
106.807
86.9183
107.522
81.9365
110.894
85.2143
104.133
90.2398
107.99
83.3014
124.379
90.2212
107.111
82.4565
106.068
83.2366
109.504
86.7538
111.885
107.175
81.261
107.812
97.6042
80.8279
123.82
99.1945
84.966
111.051
84.5554
110.381
85.9342
86.0798
110.899
108.312
82.8818
118.982
87.1399
108.529
95.9188
78.4311
111.378
84.0027
102.942
92.1802
107.637
90.0768
122.193
85.4529
84.0754
116.418
101.021
87.3339
108.574
83.7337
108.736
88.1691
105.446
94.8664
106.532
81.68
103.376
92.6031
95.9208
95.4127
107.033
86.107
106.63
86.6655
111.315
87.7547
82.1593
122.352
84.2022
116.024
77.9323
108.968
88.9857
106.272
99.7195
92.7429
snd fps: 94
98.898
83.0061
111.316
79.9439
117.727
89.9117
103.742
81.5322
114.443
99.2002
86.7926
113.893
94.4101
86.8968
97.821
95.8124
122.43
84.4203
104.117
89.9951
108.622
78.3744
108.369
99.7522
93.1877
104.701
82.6269
116.556
83.6119
103.393
94.6249
88.765
94.0572
104.355
107.09
83.6845
110.025
87.9638
110.348
85.9526
106.431
106.826
82.9634
104.014
90.5793
96.5938
89.9998
109.122
90.2731
89.6514
105.263
82.6041
115.266
88.9011
103.869
94.7003
107.889
80.0343
104.366
94.6148
107.34
105.76
81.1017
88.1099
106.796
83.6002
110.849
89.9949
93.8825
113.536
84.3973
108.566
87.5018
102.172
85.055
110.396
87.1582
117.113
84.9827
102.935
92.7166
107.051
84.9632
90.329
106.195
85.9387
110.619
84.1216
111.076
102.052
75.3561
117.392
107.468
84.7117
snd fps: 94
92.1543
121.397
85.6527
93.4862
99.0094
86.3011
105.393
85.4679
98.5044
107.22
76.5179
155.843
80.6944
87.8795
106.876
116.225
92.3468
86.6129
104.801
94.2999
106.646
79.1517
115.223
106.742
84.2278
93.5266
94.5458
105.562
92.325
105.438
106.099
84.2733
85.901
108.792
85.6909
104.177
90.7452
105.809
85.9632
117.047
102.406
89.8141
85.1288
103.317
109.354
84.0905
102.684
92.8501
110.059
82.1462
110.637
85.6019
106.151
88.9455
100.509
88.4627
108.196
100.595
96.0023
94.7854
104.203
92.5124
108.627
86.0997
109.277
84.4836
87.9833
107.175
103.022
91.5708
95.8409
84.5973
112.375
104.178
82.8198
123.149
83.9533
84.0338
116.482
101.712
93.8316
105.387
83.1838
94.1757
107.603
82.6476
124.646
106.483
86.546
86.4208
111.048
89.8565
92.6109
103.928
snd fps: 94
96.881
105.663
84.7903
104.535
86.2105
99.1794
98.931
105.282
84.5305
114.627
87.8751
111.191
87.7835
88.5294
105.186
85.8046
103.933
89.1328
104.282
107.481
81.8148
117.627
79.0868
112.092
85.1353
110.792
82.8703
103.612
93.6829
104.923
84.3894
112.829
84.1229
110.974
85.3433
102.85
87.6983
105.555
82.5806
108.99
91.9513
104.222
89.2676
106.561
85.9958
101.863
93.4707
91.1672
110.972
84.3819
110.606
84.8038
106.881
93.4176
106.18
81.4255
117.819
105.126
80.65
99.5306
103.281
87.1367
110.428
84.3008
126.271
86.1051
107.376
86.6401
103.363
85.6313
127.414
82.4857
111.204
84.8436
106.201
88.6647
100.391
82.4823
106.188
103.063
83.1575
119.007
109.594
85.1389
89.304
96.8364
105.084
86.7519
97.9114
91.064
100.226
87.2298
111.746
106.927
snd fps: 94
83.6233
95.5939
103.764
83.9844
105.075
102.373
103.205
85.1738
103.553
103.641
107.761
82.0248
102.436
106.368
81.2585
92.5474
97.9896
106.915
81.7166
94.6452
101.236
107.182
80.9136
122.176
89.7177
89.9027
110.84
108.125
86.2742
108.897
82.9865
108.67
85.7394
102.262
94.465
105.016
82.6154
114.892
95.7019
85.8613
107.536
84.1086
109.453
86.0819
98.8351
107.736
85.9417
104.745
90.8268
105.02
82.3073
114.25
100.671
110.46
87.9192
86.0636
90.4317
101.069
103.793
93.0329
105.045
81.7356
115.299
83.4578
107.9
85.1508
107.159
87.435
106.96
83.8321
112.322
106.198
82.9088
107.761
87.6524
106.367
87.219
104.734
78.5323
136.675
86.1382
108.89
84.484
105.246
93.0331
103.749
85.8798
99.3511
122.991
85.4608
95.0405
87.8168
110.208
88.5289
snd fps: 94
106.321
90.8117
107.202
83.9476
113.877
83.3355
107.16
87.5278
110.105
83.5419
101.099
101.477
95.7968
104.782
84.0227
121.716
88.1217
84.4522
118.623
97.3282
84.0474
108.13
101.293
84.2328
106.853
103.86
90.7953
105.918
83.2706
114.581
104.653
77.9449
100.279
102.44
90.6228
95.9392
101.407
90.3466
88.3288
103.478
112.639
81.1845
100.003
97.229
105.807
84.6736
90.1384
103.085
91.4021
95.7044
94.5364
92.4487
108.831
80.0301
114.03
97.9064
109.096
86.1486
106.512
85.5298
110.629
83.189
117.714
81.9339
97.685
94.9296
107.115
83.3487
113.787
106.459
83.3659
117.16
86.1877
107.454
86.1577
103.595
96.1668
104.741
92.2287
102.845
96.8396
97.3186
84.0286
104.606
90.5282
91.267
103.546
91.7688
97.4079
100.73
89.5008
105.887
83.7173
114.789
snd fps: 94
106.208
86.2141
84.1783
105.679
96.9158
87.8508
100.289
118.403
86.2309
83.5887
118.591
86.7351
102.152
109.552
83.0778
98.7023
107.435
96.247
92.3102
84.6247
102.122
91.4519
133.489
74.2877
122.549
84.1312
110.381
81.6228
106.494
88.6518
108.376
83.1373
113.261
83.9735
104.234
91.1812
105.91
90.1084
111.315
93.187
90.3924
85.0068
97.5155
111.363
85.9856
94.1262
105.24
88.1136
94.7794
117.751
100.649
67.3359
192.198
102.801
87.563
109.645
100.298
94.5337
109.262
81.8595
94.0633
105.016
108.5
102.206
101.249
87.211
112.476
103.525
90.1555
105.198
85.321
118.349
88.3468
82.5759
119.329
89.7137
88.6087
108.384
82.8778
108.897
106.12
75.9901
102.651
108.557
82.7826
116.292
90.4319
106.338
82.5913
97.0891
83.814
105.753
101.946
90.9709
snd fps: 94
100.853
93.6682
112.831
87.049
80.469
107.517
97.7974
106.243
103.599
95.9496
99.9775
103.656
82.1056
113.101
84.6596
101.621
88.9967
117.345
80.7898
116.642
86.0888
109.204
84.7583
99.3991
97.5809
103.905
84.6936
121.333
86.3726
103.528
87.6708
92.5558
98.5345
88.6014
108.258
99.1889
88.3436
103.808
108.996
89.6218
87.8138
118.809
96.177
89.3559
85.9342
95.146
90.598
109.192
82.9811
113.374
105.395
77.6327
120.036
108.653
73.6305
105.801
105.905
87.5917
106.823
84.7613
108.223
86.3752
99.4149
102.513
108.102
77.9787
115.796
105.149
87.2322
112.105
86.7672
86.4885
109.188
94.9325
108.116
96.8514
85.064
114.983
93.9416
84.6086
116.531
83.5735
106.971
103.704
76.0739
100.462
99.3492
102.968
91.1791
106.811
82.6386
121.425
84.6304
102.787
snd fps: 94
89.9336
107.157
87.4038
107.534
93.7113
110.584
82.7968
95.3812
119.421
83.0422
106.604
91.4674
87.8529
99.5095
88.728
106.938
89.5552
98.027
103.617
95.0751
106.915
88.3735
86.4669
107.84
86.1911
104.558
106.149
89.4691
105.683
82.6258
107.066
83.0666
99.1089
115.254
85.6681
85.3438
134.974
84.5761
107.826
86.6363
102.542
89.328
104.293
71.2381
150.729
91.1445
88.4542
106.143
109.709
83.4633
98.9842
85.6188
110.922
82.6646
98.1751
110.267
87.1242
104.567
92.4429
107.732
84.1651
92.747
102.058
109.087
80.0328
97.2312
109.69
83.2816
104.036
91.8309
114.202
81.0498
99.1027
102.994
97.3291
91.5533
101.73
89.3889
104.332
85.8882
105.204
106.285
80.8478
98.5309
106.448
81.0632
112.959
107.989
78.0908
123.717
82.4469
109.059
93.514
84.2377
snd fps: 94
117.239
68.971
110.968
105.989
106.831
80.8996
133.435
86.5715
103.929
95.3025
83.6355
110.674
85.6264
96.8765
97.5583
105.233
81.74
105.397
98.4631
87.7924
100.274
92.666
111.865
83.6146
102.474
92.8424
110.104
83.2297
115.255
89.5483
83.3581
131.416
83.8925
86.9906
121.668
101.307
90.1131
105.671
86.5648
114.787
83.8318
109.849
82.794
98.5566
99.253
103.822
81.1389
92.7868
104.409
100.839
98.4243
102.951
78.9858
96.2114
104.128
104.475
89.2874
108.512
86.006
105.359
82.5466
112.353
84.6712
93.7963
105.647
108.083
80.3586
123.381
86.1581
112.658
84.338
86.913
104.673
89.5919
105.902
96.9551
110.491
82.7235
127.265
82.8944
86.3606
116.343
99.6028
100.485
83.0083
101.591
88.4532
108.217
87.0972
124.507
90.5286
83.0725
119.269
107.375
snd fps: 94
86.3983
87.6305
103.682
86.8957
122.087
91.272
91.3935
106.312
84.2288
106.557
83.7968
106.256
105.537
87.6991
87.3343
100.853
102.777
91.3992
108.458
84.5375
90.9971
108.641
84.3199
115.197
83.6476
110.509
84.0108
104.479
88.9479
104.903
85.4261
111.917
84.4466
103.04
96.8145
100.413
84.3357
122.967
88.7433
101.703
97.3714
93.9156
97.6819
86.4216
103.869
101.282
101.807
82.7421
98.3573
104.256
79.2527
96.2114
102.798
100.944
102.889
81.2518
99.6396
105.386
85.1296
118.765
89.0724
74.4642
134.776
109.232
89.6955
107.075
83.0302
93.7377
90.4189
94.4499
109.615
108.599
83.6861
121.619
84.7317
110.799
84.0165
97.1761
108.166
86.4721
104.124
90.9372
85.9088
105.16
92.748
107.481
82.2617
115.605
95.1769
83.0646
109.245
93.4933
91.464
106.181
snd fps: 94
81.8928
123.763
85.8594
107.509
86.0828
109.471
89.8654
108.629
88.1006
109.524
84.0085
85.1186
114.518
91.4842
96.3552
107.632
83.6907
106.448
93.174
106.578
87.9232
90.083
114.368
92.3954
109.211
75.8605
105.795
104.831
79.259
142.298
83.6585
110.557
87.9923
103.725
92.3314
107.367
83.9796
93.3046
90.2326
95.8738
124.227
86.4329
106.541
85.6266
111.928
89.1812
109.231
81.546
102.936
105.475
79.7994
103.597
122.227
75.7874
107.236
118.205
81.4855
114.333
81.6846
111.614
88.6242
87.5965
106.202
89.4034
102.82
113.677
83.2813
86.5007
118.011
103.131
87.6025
86.2142
101.758
91.8571
108.601
92.4578
92.1241
105.031
85.6859
115.584
85.8668
90.8133
136.646
79.9288
111.435
83.7809
87.8752
100.069
108.113
85.501
119.37
93.9636
99.8936
90.6088
snd fps: 94
83.5196
118.144
84.7802
103.573
99.804
94.1301
99.4771
92.677
105.823
84.3285
118.753
84.5437
85.9808
119.674
86.1799
110.012
84.722
100.364
96.8206
98.1977
105.702
94.4033
98.8987
81.2983
120.917
103.208
89.2391
103.406
82.3673
113.668
83.0287
101.785
90.6268
106.623
98.7059
87.4936
105.628
88.8997
106.827
83.1218
88.186
106.199
104.129
90.4039
87.737
103.172
91.3486
104.165
86.5175
111.874
96.489
91.3623
99.8225
103.576
102.193
83.4304
103.748
89.8701
105.639
83.1024
115.074
87.4246
84.5005
118.078
101.625
91.3192
105.596
89.4345
108.855
93.6892
85.4324
111.617
86.1782
102.474
86.0736
103.37
101.833
86.4624
102.265
89.3335
105.383
83.4031
117.342
94.4415
97.7061
98.4154
95.0345
82.3717
105.143
101.886
106.382
82.1749
94.2304
114.074
snd fps: 94
83.6888
103.797
95.4849
92.9093
108.797
87.7781
105.443
87.6951
106.692
83.0061
111.355
93.0016
87.5822
106.874
88.3695
104.545
85.2133
115.764
85.4228
87.788
112.371
91.6727
105.934
83.3642
97.6096
105.843
89.2849
94.792
107.686
107.397
82.5586
88.2001
98.0095
125.694
101.268
94.221
83.4946
103.796
97.5215
106.383
83.4385
118.045
99.4163
62.2615
154.646
105.304
87.7187
105.776
82.2423
118.819
87.6413
83.9286
115.671
97.3185
87.0565
116.021
100.014
89.9673
104.918
82.0826
108.857
84.572
102.954
95.5693
105.107
85.7113
113.198
83.8463
107.038
86.9421
104.053
80.2451
113.047
86.3598
109.071
103.658
80.0855
123.125
83.578
104.999
85.6607
108.162
107.591
88.7593
83.2729
109.813
88.1483
103.456
90.003
104.086
108.174
88.548
97.1288
90.5816
snd fps: 94
90.4143
112.593
90.5551
85.9818
102.705
94.9423
108.232
81.0446
104.508
102.538
84.4967
95.4376
129
88.2883
106.365
85.7231
111.007
97.1992
80.2323
118.704
87.9068
99.9915
83.5927
104.323
109.07
94.839
92.9147
86.6278
105.192
81.846
110.167
104.877
81.8491
108.392
100.142
88.6555
80.6729
118.159
99.4796
106.739
84.9743
111.116
88.713
93.8732
94.7829
105.485
81.734
119.261
102.098
85.499
113.176
82.6159
111.82
86.1329
103.317
124.535
83.341
99.3982
96.6992
110.137
84.7955
115.814
85.707
107.225
106.546
76.2438
109.792
87.6477
102.279
