95.9605
86.4308
oopsl
oopsr
45.3302
82.1965
49.9853
92.0045
33.9456
83.49
29.8252
oopsl
oopsr
95.8927
46.3933
44.7783
86.7536
58.0596
43.5449
28.8249
95.3196
oopsl
oopsr
44.6338
46.9938
25.9086
84.0477
92.808
43.8639
83.1697
46.7696
oopsl
oopsr
45.2268
49.138
43.3792
34.192
98.9934
28.4863
95.6804
oopsl
oopsr
45.0717
47.7429
43.4966
28.5247
oopsl
oopsr
93.7694
49.8995
85.9272
88.0926
43.6057
29.0007
43.2656
oopsl
oopsr
43.9499
52.9826
77.2547
29.6226
28.8861
oopsl
oopsr
89.7073
50.0913
snd fps: 50
44.7088
oopsl
oopsr
94.0463
49.2845
41.8787
43.0179
44.6837
87.9747
42.232
oopsl
oopsr
95.5051
84.9731
116.079
40.971
35.8183
86.61
87.0885
87.419
88.342
88.9657
97.5116
86.8721
41.1881
43.2306
88.5515
oopsl
oopsr
94.7579
89.2314
49.005
88.5434
83.3195
86.7702
87.9916
88.4991
81.338
90.9177
82.3803
88.1459
86.2618
90.6873
84.2364
86.4543
91.3057
85.462
43.8147
42.0509
41.9986
43.843
96.5713
oopsl
oopsr
95.3798
48.3457
41.3783
45.7331
41.8998
44.9073
43.4261
85.0852
oopsl
oopsr
44.8238
45.9182
46.0373
29.0357
28.3086
oopsl
oopsr
snd fps: 59
95.0085
48.1669
43.7082
33.9787
41.9954
oopsl
oopsr
45.2231
100.183
97.4731
27.6298
45.9762
28.7859
81.4944
65.4367
oopsl
oopsr
55.3978
43.7549
85.7467
84.7252
56.9362
28.8832
oopsl
oopsr
93.4736
49.3274
42.7209
44.4685
43.4893
oopsl
oopsr
89.4637
52.7343
43.5532
28.4194
27.3154
oopsl
oopsr
45.3145
118.921
43.7646
84.9157
85.9411
42.9176
43.7547
oopsl
oopsr
90.4684
93.1752
118.407
42.1295
89.4688
42.8206
87.4213
29.2158
oopsl
oopsr
95.0656
84.2043
51.1423
82.8081
35.733
89.5136
82.5401
44.4615
oopsl
oopsr
snd fps: 52
92.9131
31.0992
93.2854
85.4001
83.9808
43.8206
41.238
oopsr
100.242
45.4508
105.122
oopsl
44.0258
52.8985
42.9716
oopsr
95.677
48.8456
90.6007
85.1
82.2468
oopsl
44.5741
131.946
83.6007
42.8318
87.826
43.5145
43.5762
oopsr
45.1825
48.5746
oopsl
95.177
82.6056
118.572
86.942
43.9496
54.7765
88.3609
86.211
90.0587
oopsr
103.691
49.5895
89.4194
42.5739
56.5022
100.895
86.9757
82.6975
100.156
86.9616
87.4828
99.1613
43.3006
42.268
oopsl
95.0828
oopsr
94.074
48.3627
88.8896
43.2201
58.5532
78.2425
110.156
84.1933
80.5982
86.8984
47.4483
98.2846
43.4971
oopsl
oopsr
snd fps: 64
94.4448
87.459
49.0944
88.0366
87.0979
55.7542
82.4528
102.053
89.037
75.2731
50.2042
81.7629
43.6956
40.5749
oopsl
oopsr
104.507
46.4162
92.8009
88.4624
81.0324
99.3834
89.8136
82.5958
88.2797
83.1103
93.5217
82.8085
93.1307
86.3766
85.2404
45.5231
86.5419
90.2757
42.3382
83.3284
100.594
85.4129
86.2294
44.0719
oopsr
93.9939
86.4635
48.2037
oopsl
46.8506
46.4828
42.8396
28.3339
oopsl
oopsr
94.502
49.8978
42.6803
85.5257
85.0598
46.7633
29.0157
83.3517
oopsr
95.692
86.8382
49.2062
oopsl
95.4614
82.092
118.234
41.335
44.3637
87.1307
88.524
84.5017
93.0771
snd fps: 65
80.834
96.1289
88.5727
83.4535
42.6038
84.5051
oopsr
95.0799
87.0815
48.8442
oopsl
95.133
86.493
117.62
43.9781
84.2868
55.1239
94.5358
85.2952
50.3295
40.725
oopsl
oopsr
45.2551
107.756
97.5447
42.9047
33.9452
89.0594
90.1554
78.7854
oopsl
oopsr
32.1913
96.4068
24.3207
85.4477
89.957
oopsl
oopsr
95.2944
50.1223
86.7679
90.824
82.3304
56.6731
86.5052
76.9067
105.414
85.6808
84.1401
98.073
104.41
43.8611
85.0187
84.5767
42.0856
42.4971
oopsl
oopsr
102.724
46.7929
97.3873
41.6818
90.6929
28.5996
83.2201
oopsl
oopsr
95.5693
49.5249
41.041
44.6439
41.2013
oopsr
snd fps: 62
96.5337
87.0867
49.1556
oopsl
94.4879
85.3666
51.1757
3875.38
102.092
86.1529
58.5012
86.9769
87.0029
90.7964
88.8718
72.7564
132.783
85.5387
79.3408
44.3564
82.4429
87.7507
oopsr
45.5619
47.3615
oopsl
9839.42
93.2844
50.5528
84.4259
89.4692
88.3964
34.1471
80.6729
96.5374
87.8107
85.5452
106.105
87.9687
42.2601
42.1006
oopsl
oopsr
45.1336
49.3047
43.6599
56.8217
82.184
96.835
89.7285
43.6596
94.7512
88.0695
42.5043
oopsl
oopsr
94.8031
87.1925
52.8913
43.6109
34.0554
43.7178
42.6662
oopsl
oopsr
45.4637
108.539
95.7604
87.4727
43.1954
45.8491
84.5499
44.5706
79.1999
snd fps: 65
101.904
87.0953
85.4193
90.6078
89.6475
42.3974
oopsr
46.4911
oopsl
92.3425
93.4575
114.251
43.1447
89.4817
43.0081
86.1354
84.8402
44.1538
86.6688
oopsl
95.2275
88.4436
107.526
95.4453
85.8657
82.2759
84.5579
95.0132
86.0279
42.005
87.0003
88.6615
89.1655
oopsr
94.7559
88.2302
49.2333
41.9195
28.9456
oopsl
46.8491
102.068
oopsr
46.8235
115.067
86.8723
27.8784
41.9631
oopsl
94.8979
48.6673
94.4368
43.5535
42.8938
oopsr
94.9343
81.8795
52.8755
42.3136
55.6383
oopsl
32.204
87.34
43.7126
56.4487
oopsr
94.545
48.4456
87.8656
44.0765
55.1439
oopsl
45.9982
snd fps: 62
49.1795
oopsr
91.6618
89.8469
118.367
78.6968
94.7058
28.3626
43.35
81.1154
oopsl
104.576
46.2811
oopsr
110.721
47.7578
86.7393
28.1014
28.484
oopsl
95.2451
oopsr
44.9346
51.1154
28.7124
44.0744
oopsl
oopsr
95.6039
83.012
123.299
90.2769
82.3963
95.8642
55.5308
28.9412
42.0411
47.0137
oopsl
95.1636
85.1357
49.0361
oopsr
95.3131
46.2043
94.3009
8294.28
84.4086
29.0529
84.7742
80.893
43.7314
43.6837
43.9561
oopsl
oopsr
94.1559
88.4247
49.3582
83.5219
85.9884
77.4781
107.406
85.3958
84.1777
89.5566
92.6705
83.5574
78.7892
49.1328
42.2783
oopsl
oopsr
snd fps: 60
94.524
84.5314
52.9147
27.9864
83.9589
85.2454
44.4224
oopsr
94.0955
oopsl
44.9474
118.917
42.1925
33.6726
1771.25
45.0317
83.663
43.1212
109.491
44.8935
oopsl
45.2196
49.0209
oopsr
45.6641
94.6732
45.7215
oopsl
32.6841
84.5844
oopsr
31.6056
98.4583
43.1751
oopsl
45.2634
49.1567
oopsr
95.5199
48.3192
86.3664
28.2142
29.0771
oopsl
94.7831
50.6758
43.9847
oopsr
95.2518
83.9452
49.0297
8943.34
43.7088
56.1897
2615.4
28.4829
oopsl
46.1133
115.734
90.3421
oopsr
44.6413
120.416
40.4339
114.855
55.3468
oopsl
43.9895
snd fps: 55
52.8013
oopsr
88.9713
96.1951
117.838
42.2101
86.6209
85.4485
29.2064
89.8206
oopsl
93.0456
88.4721
118.051
42.5514
90.5798
oopsr
92.7243
50.6252
83.9486
43.61
55.2743
87.7429
43.7717
oopsl
46.2583
oopsr
89.6287
54.1991
88.4865
28.2526
92.866
90.1298
42.3942
84.3755
42.1425
oopsr
110.251
oopsl
95.6863
48.6506
84.9972
83.5445
45.7
83.1074
45.6
44.3227
oopsl
95.3886
51.3236
87.8628
42.6822
oopsr
95.2534
49.2129
42.768
96.916
54.7842
85.5306
oopsl
95.2538
48.2081
83.7572
85.3598
88.4807
86.5473
76.8704
96.9158
84.901
84.5063
89.3883
88.9802
43.0591
43.6243
snd fps: 64
28.2209
oopsl
oopsr
95.3712
50.0885
43.9971
oopsr
95.4131
31.9442
oopsl
89.2457
98.8612
43.8965
48.1369
58.1224
82.4654
45.8758
oopsr
91.1844
oopsl
45.1897
49.1848
86.3895
34.2458
43.1387
oopsl
94.9287
48.5426
42.4035
oopsr
45.2347
49.1354
41.2364
29.6147
oopsl
103.642
oopsr
94.3869
49.7712
84.7207
79.4246
95.6892
89.8479
42.1526
94.6433
84.2292
81.4815
45.5345
42.1106
oopsl
oopsr
43.7569
118.591
85.4539
43.0893
44.0098
80.1351
oopsr
32.4823
89.7101
oopsl
94.1294
78.2283
54.6013
79.2285
100.765
87.749
43.738
41.8208
oopsl
oopsr
45.1064
snd fps: 56
104.426
44.2109
85.8576
89.9056
28.6626
44.5964
oopsr
86.8666
93.0458
118.394
oopsl
44.8128
48.01
45.6371
oopsr
89.2467
33.0659
oopsl
102.661
89.6711
46.9727
88.2198
33.2511
94.4176
88.4162
28.1533
oopsl
oopsr
92.4098
48.7108
42.7192
87.4906
57.2988
86.1284
43.8368
oopsr
94.2598
oopsl
88.7884
51.9229
42.5384
82.8078
28.6705
oopsr
94.393
50.2316
oopsl
55.385
42.1185
87.5928
88.5589
42.8306
85.7347
87.4402
87.1118
oopsr
98.8056
49.4302
41.7356
oopsl
31.3454
56.7232
oopsr
124.9
92.6811
48.662
oopsl
45.3875
48.2147
43.05
snd fps: 56
43.4341
86.5716
oopsr
49.6064
99.5356
oopsl
45.6529
46.7854
41.6768
oopsr
33.5594
85.9855
oopsl
95.75
81.26
51.3189
42.9864
55.4767
43.1737
42.5665
oopsr
44.1591
128.54
42.0644
oopsl
45.2144
119.432
82.5721
87.6553
86.9971
91.0467
42.5707
45.7439
oopsr
89.3352
51.0461
41.9269
84.1874
42.5472
oopsl
97.8017
85.9819
115.082
43.4013
86.4691
54.7055
28.716
oopsr
95.6143
46.139
97.7327
87.3442
87.8474
56.6721
28.8441
43.5663
oopsl
oopsr
93.643
48.2634
41.5769
47.1792
43.1401
91.355
oopsr
92.1733
86.9481
114.881
oopsl
45.1604
snd fps: 57
48.828
99.9122
87.5046
56.8548
83.2281
82.3968
45.1092
75.9009
53.451
oopsl
139.739
45.136
oopsr
45.1583
49.1267
87.7687
33.9657
86.7506
oopsr
45.3269
oopsl
91.4759
91.0104
49.2183
86.0153
83.8812
75.9241
47.5166
28.3307
88.7547
oopsl
oopsr
95.6007
85.3212
50.1736
41.4498
82.4534
28.4753
oopsr
95.5628
47.7453
45.7494
82.455
87.6734
oopsl
45.426
105.67
42.4912
28.5659
oopsr
45.4503
oopsl
94.7565
48.7638
41.2321
36.3851
85.5617
oopsr
87.8054
96.185
116.346
oopsl
94.8976
50.1242
44.021
86.6968
58.4293
43.5895
42.9468
oopsr
snd fps: 57
45.5615
103.559
46.6413
oopsl
44.8959
47.2005
29.8153
oopsl
94.516
oopsr
43.6765
51.8055
27.5723
41.5927
oopsl
47.1573
oopsr
86.7746
100.9
117.392
41.9061
82.9687
42.9775
oopsl
95.5435
50.0672
43.1229
93.1356
58.669
44.053
42.2118
oopsr
95.4707
oopsl
45.0992
47.8451
89.1548
83.4596
60.4073
82.21
100.871
87.5891
84.2712
89.8661
45.1177
43.8044
oopsl
94.839
48.5064
43.9693
oopsr
92.3483
51.1062
41.7015
43.5347
42.0863
oopsr
48.2082
113.606
oopsl
44.6553
48.4806
41.3809
oopsr
108.474
85.3796
49.5215
82.8229
snd fps: 55
84.1154
98.2794
90.6065
42.274
87.1718
88.3057
83.9695
oopsl
47.0546
49.1998
oopsr
94.0184
84.5983
118.539
86.4654
44.7291
56.7683
5891.05
85.1944
81.8997
46.008
46.679
oopsl
44.3072
130.693
88.9332
81.5173
34.7838
43.4919
oopsr
95.7558
87.1897
49.1816
88.0361
oopsl
91.8803
90.7696
47.7644
87.4173
44.06
28.8114
43.9725
oopsl
oopsr
95.4594
83.4346
131.006
41.6558
103.004
55.1978
87.6837
28.98
oopsr
95.2545
86.6223
49.8753
oopsl
93.2964
88.8648
100.975
108.945
86.2591
86.215
34.183
94.8793
28.1656
95.3053
oopsl
oopsr
32.7055
83.634
102.614
34.3524
snd fps: 62
81.4985
oopsr
96.0934
48.7065
98.2409
oopsl
95.477
84.285
50.4532
80.564
93.5118
86.0482
56.6505
86.5011
44.0196
85.206
53.1325
43.2708
oopsl
oopsr
45.3953
49.3777
87.603
34.0356
98.9048
oopsr
95.3288
48.5689
88.3928
oopsl
45.1739
114.961
86.058
91.1679
34.1699
83.3717
94.1578
86.0121
41.5937
oopsr
45.5375
oopsl
11094
94.7463
90.7892
46.703
42.7019
79.155
30.3053
44.8729
oopsl
93.3243
90.2897
117.288
81.9579
96.753
34.3921
42.6647
oopsr
45.4396
oopsl
94.9169
50.0924
43.9701
34.6097
oopsr
94.4265
88.886
49.043
87.4566
91.4713
79.325
oopsl
103.493
46.0144
snd fps: 62
46.4574
43.6767
oopsr
95.5698
49.5027
86.9409
76.9735
30.1926
oopsl
30.6175
oopsr
102.835
46.9646
46.2351
28.0113
oopsr
95.2582
oopsl
31.5037
86.4612
24.9114
82.6843
46.2314
oopsl
oopsr
45.1556
48.0138
43.9873
oopsl
31.6677
82.8859
oopsr
31.2138
99.0269
24.5342
oopsl
90.6553
93.4036
oopsr
94.6954
85.0419
49.3595
85.0551
34.7888
43.0028
oopsl
46.107
47.1239
oopsr
93.5086
85.7667
52.708
89.1431
34.0007
oopsl
94.7046
49.0782
42.942
88.5332
oopsr
94.7884
30.5787
41.5922
oopsl
95.1069
86.335
snd fps: 50
49.4405
42.2103
28.7951
oopsr
104.471
84.8373
49.4129
43.679
oopsl
93.0436
91.3366
47.7079
82.8273
43.7955
12284.6
28.4514
87.7142
43.2582
oopsr
94.7346
oopsl
94.3681
49.9554
87.6493
89.3124
86.0403
58.3997
86.3017
42.9512
41.4033
oopsr
31.5735
oopsl
97.4226
46.6716
95.9064
42.5625
57.7611
90.6585
44.5188
oopsl
90.5267
92.2866
48.8045
oopsr
94.5291
87.4143
117.075
42.317
59.3496
90.5055
43.5676
43.6605
44.1734
104.882
oopsr
93.0509
83.6547
50.9855
oopsl
45.2288
48.2065
44.2716
56.5545
42.6051
oopsl
oopsr
94.4435
49.3752
41.7266
snd fps: 58
94.6411
85.3395
42.0784
4368.22
44.8739
80.5319
47.2309
oopsl
oopsr
48.443
4530.2
94.8194
28.8047
42.4467
28.895
43.9767
oopsl
oopsr
44.9742
117.299
42.909
33.9728
80.5986
42.6437
oopsl
oopsr
94.3061
87.6653
49.1057
43.6463
56.0827
29.0038
42.84
oopsl
oopsr
95.6293
85.9124
50.1217
83.6955
28.4904
28.6541
oopsr
94.6811
48.8527
oopsl
45.0761
49.1708
oopsr
95.4071
46.291
92.7648
84.3241
42.5766
42.9164
oopsl
83.749
55.4052
79.4901
103.772
28.5872
90.1935
28.3492
oopsl
oopsr
94.8241
48.7224
43.9187
oopsr
snd fps: 53
94.6165
87.5073
49.2775
86.2275
87.8983
49.3863
48.8125
42.3612
oopsl
45.2322
50.2651
oopsr
87.0104
51.0177
82.9843
89.1743
28.1367
oopsl
104.057
48.8163
87.928
oopsr
88.944
92.6111
117.564
42.3636
42.0776
43.7606
41.2478
44.4444
oopsl
oopsr
91.3426
90.9633
47.9465
92.8107
34.404
88.3935
43.6478
oopsr
94.1788
oopsl
45.04
48.9488
43.3034
57.2968
41.9431
oopsl
93.6813
oopsr
87.7287
53.1966
87.7673
87.6323
40.6302
29.8188
10774.2
28.9862
28.8113
oopsl
oopsr
87.3083
100.817
115.411
82.3238
25.264
86.2688
82.4313
oopsl
32.3946
snd fps: 57
84.15
oopsr
95.1999
85.1168
49.0299
42.8821
oopsl
94.6965
85.5491
49.2849
42.7542
55.9723
42.2413
89.3616
oopsr
95.3597
84.1949
49.4398
oopsl
45.2683
47.7708
45.1402
28.9811
oopsr
92.9221
oopsl
45.1199
48.8119
43.046
28.3071
43.5958
oopsl
oopsr
95.6152
83.4012
51.1323
42.2359
84.0304
28.9235
86.3397
oopsl
oopsr
92.181
89.017
49.2972
91.1879
85.9754
58.5317
76.437
114.195
41.195
49.0472
44.3036
oopsl
oopsr
94.7828
49.8721
89.6131
82.4534
89.882
88.8111
88.5231
42.83
41.9901
47.5515
oopsl
oopsr
45.2509
47.7936
45.5361
snd fps: 56
33.9811
41.8448
oopsl
oopsr
134.253
45.3075
89.067
87.4569
90.6149
56.0006
84.1422
81.7733
43.6336
48.0519
oopsl
oopsr
44.4598
118.489
41.4129
33.9172
91.1388
oopsr
94.4106
51.383
85.9823
oopsl
95.7554
48.437
93.0242
42.9388
28.5317
oopsr
93.1239
89.6192
49.3241
oopsl
94.3696
48.564
86.1249
28.9721
28.884
oopsl
oopsr
44.3102
51.0427
42.2255
oopsl
43.8797
oopsr
46.7577
48.943
85.28
44.0294
29.0655
42.1867
oopsl
oopsr
44.9375
116.021
42.9402
8277.25
29.1494
28.0666
90.2071
oopsl
oopsr
45.2307
118.466
42.1832
snd fps: 53
91.4356
58.1487
43.1349
oopsr
95.1803
85.9729
49.2408
oopsl
94.2531
87.273
118.475
81.7907
95.9038
87.2718
56.954
83.8672
89.8595
90.5481
88.0419
77.856
118.285
89.3431
80.9603
45.3981
87.071
84.0865
92.2845
88.0571
43.9168
86.1305
oopsr
45.1415
oopsl
95.219
81.7832
53.1009
6086.09
42.5121
56.3363
85.1713
84.8893
85.066
92.8844
51.4174
42.6897
oopsl
oopsr
95.7745
48.3781
90.9669
24.8362
87.6809
29.2133
46.4082
oopsl
oopsr
87.5871
101.342
116.269
86.5128
43.7749
56.7666
42.5747
43.7029
89.3842
49.6875
oopsr
95.3573
oopsl
45.1594
49.3977
5894.63
44.2696
33.3836
38.3517
snd fps: 65
33.6153
oopsl
104.009
oopsr
43.4127
130.172
41.3346
28.3386
29.7009
oopsl
oopsr
95.4141
46.1288
91.4229
28.4295
90.4763
oopsr
95.1937
82.3013
131.306
oopsl
45.0567
47.6319
43.062
89.7691
42.0958
41.2246
oopsr
95.1923
oopsl
95.2622
56.6811
89.2982
43.6168
109.982
91.7774
42.0679
87.1786
92.3793
87.4913
47.432
oopsl
95.3369
76.6678
56.1351
87.2374
85.9349
34.8041
oopsr
86.0613
55.3418
44.116
87.0751
oopsl
95.0838
49.5814
90.6336
85.1958
89.5772
57.4134
81.0775
96.3185
83.1648
88.2423
47.8351
85.174
93.651
43.665
43.6731
oopsl
oopsr
94.5694
48.8091
snd fps: 60
45.2436
9289.88
34.2393
42.3975
98.6477
oopsr
94.3735
86.5778
51.2035
oopsl
93.2892
89.7366
112.769
78.3091
25.4977
82.7128
45.5288
43.8445
oopsl
oopsr
94.8345
87.5903
49.4405
81.9408
35.7869
43.0672
42.8721
oopsl
oopsr
44.3227
130.132
43.1069
34.8278
84.7386
oopsr
44.3372
48.2332
92.9253
28.1728
28.9199
oopsl
oopsr
93.4693
48.0376
90.9332
40.9826
46.5685
oopsr
88.1562
oopsl
100.507
46.6706
98.915
42.6427
89.5154
42.4402
42.4171
85.7621
oopsl
45.3974
47.5175
oopsr
104.035
46.485
97.2817
28.6509
27.8841
oopsl
snd fps: 54
106.83
31.7751
oopsr
95.0056
50.0131
80.8065
oopsl
45.0534
108.493
45.8107
oopsr
89.2606
50.0587
80.6638
45.1077
86.4763
oopsl
95.5139
84.902
108.296
96.1885
43.4078
6265.74
58.4379
82.2347
103.289
85.5922
85.1498
48.34
oopsr
88.1988
53.2863
80.5372
98.5574
87.7594
58.2404
85.244
42.6174
oopsl
45.1602
4982.81
51.3113
oopsr
95.9352
47.8358
94.7593
87.261
41.8186
90.9303
29.2766
86.2121
oopsl
45.3834
116.619
oopsr
45.3021
48.3942
89.0998
88.8331
56.7168
76.8517
113.075
42.1436
oopsl
104.64
91.7477
97.1726
oopsr
106.339
48.2425
86.0999
90.1171
28.4894
29.1103
83.3953
oopsl
oopsr
snd fps: 64
91.3719
91.2197
111.494
88.4836
89.8733
41.2319
46.2584
81.2559
oopsl
99.6566
46.8688
99.2528
89.0962
80.1874
91.4963
87.9884
87.5229
oopsr
95.3212
47.3899
42.5534
86.8569
28.4207
oopsl
43.9375
118.638
oopsr
44.6875
48.7736
87.1985
34.709
82.7498
oopsl
105.635
89.4766
99.6128
45.4865
33.5951
oopsr
95.6289
48.3736
92.6515
42.082
43.4182
oopsl
92.9842
oopsr
44.8362
47.2697
44.8303
57.341
oopsl
87.543
104.973
46.1616
oopsr
104.673
86.8111
49.2903
86.1287
33.5319
98.8841
43.5453
43.8228
oopsl
oopsr
94.4257
83.3653
49.4828
43.5831
56.403
42.013
snd fps: 60
29.2389
oopsl
oopsr
95.1869
86.2838
48.8723
41.9672
88.9853
43.3354
oopsl
oopsr
93.8432
49.7659
85.6699
43.7206
28.4037
82.2501
88.4648
43.978
43.1099
oopsl
oopsr
93.722
84.0193
50.8163
43.4681
55.7302
42.3865
43.3247
84.4499
118.006
oopsr
45.2136
49.1458
oopsl
88.0034
94.9923
117.283
83.4683
45.199
56.7246
11123.8
42.2928
43.6695
47.5368
oopsl
oopsr
93.4362
51.2813
83.4859
25.2202
82.1015
42.4432
89.239
oopsr
86.4637
oopsl
47.9665
99.056
46.0797
80.3476
60.0642
28.2031
42.8591
oopsl
42.7805
oopsr
47.0225
44.8606
snd fps: 55
87.0816
34.6804
79.637
oopsl
oopsr
33.1639
85.17
40.9123
93.4341
44.0155
oopsr
96.1268
48.0039
oopsl
47.7061
49.361
42.0898
29.7809
44.3169
oopsl
oopsr
94.6644
48.1859
41.5602
88.3248
88.7867
81.9749
oopsr
108.264
90.8706
97.5431
52.1785
52.9248
oopsl
88.4455
101.94
48.225
45.7959
81.675
44.6553
86.5871
oopsr
45.2581
105.613
95.8927
oopsl
94.9577
49.7776
84.564
28.5656
88.5141
oopsr
45.2113
111.519
44.5243
oopsl
95.3942
86.4794
47.6998
43.6611
40.8639
oopsl
oopsr
124.116
44.357
45.9415
33.9341
42.2083
oopsl
oopsr
95.1123
88.2052
snd fps: 56
49.7233
42.3532
42.1507
44.4754
43.9235
oopsl
oopsr
95.3569
89.2563
117.993
85.0863
41.2936
44.4504
28.9675
28.8361
oopsl
oopsr
89.5184
97.9482
118.1
42.174
28.8903
oopsl
oopsr
95.5071
48.0573
41.9539
89.1139
87.2192
42.8101
46.0891
oopsr
86.8678
oopsl
47.7583
94.9194
46.4991
33.9722
89.8708
42.058
42.1747
oopsl
93.7241
oopsr
31.6717
80.4198
93.866
42.3356
43.8562
oopsr
92.3734
31.8275
oopsl
94.7862
88.5255
48.837
24.6817
85.0773
oopsr
94.3529
50.0421
oopsl
44.4476
116.958
42.7742
96.2534
57.8464
snd fps: 53
43.7586
oopsr
44.999
101.07
46.1395
34.4312
42.612
oopsl
oopsr
44.6327
129.377
42.4648
83.7648
85.3881
43.4654
41.9493
oopsl
90.6512
oopsr
94.0522
50.3995
43.7861
34.2638
85.9971
42.1069
30.6936
oopsl
oopsr
101.126
47.0049
93.8991
41.8409
84.7857
43.4994
oopsl
oopsr
45.2991
113.375
86.7825
43.1597
28.1573
oopsr
85.4887
100.5
47.494
45.4619
oopsl
85.0406
50.7023
87.8398
87.0614
34.3532
42.8831
oopsr
94.9999
87.3796
117.311
84.0523
41.05
oopsl
101.82
49.1294
92.1145
43.6174
55.6221
oopsr
48.0691
92.7273
99.7684
42.4055
snd fps: 56
59.5315
oopsl
45.0146
48.8889
oopsr
94.7369
48.6129
86.0809
42.7099
42.8295
oopsl
45.3427
49.1119
43.3337
28.1611
oopsr
87.0783
99.5553
49.0082
44.06
oopsl
89.7336
oopsr
45.4737
117.234
84.4731
84.9452
29.4276
80.4123
43.6532
43.7742
87.3014
86.1649
oopsl
oopsr
45.1289
114.684
43.0837
40.6513
101.94
28.5472
85.2781
oopsl
oopsr
43.5731
150.971
43.7095
34.4598
83.7793
28.0341
oopsl
oopsr
45.0494
48.2762
92.6606
43.2473
oopsr
94.5018
oopsl
45.5365
116.241
42.2012
29.2317
43.6962
oopsl
45.2299
52.3451
oopsr
snd fps: 52
94.4151
88.3555
98.6561
102.266
83.9301
86.0168
87.3774
28.728
43.6354
43.5812
oopsl
oopsr
94.1378
86.3407
49.6965
41.7016
86.9727
28.5359
87.2994
84.8299
45.4242
42.2198
oopsl
94.8518
oopsr
45.2161
47.4375
43.9797
40.5266
48.2872
oopsl
oopsr
88.4557
97.5293
50.7916
6467.09
24.8141
77.9629
97.2543
41.8561
oopsr
45.618
48.9694
oopsl
94.0835
87.2525
115.762
41.9779
90.3347
88.8006
42.6925
28.5151
oopsl
oopsr
111.484
46.2304
99.2955
42.7469
59.3216
oopsr
94.964
47.8453
94.9209
oopsl
94.6919
48.8767
43.3885
42.8993
84.5255
snd fps: 57
41.4569
42.5757
oopsl
oopsr
100.974
47.0517
45.1602
83.0054
60.0084
41.9343
41.1654
oopsl
oopsr
102.119
89.6579
97.6117
107.937
41.8732
44.5001
42.2135
83.7642
37.7897
oopsr
93.3518
50.4817
oopsl
94.5547
46.2273
92.5144
87.9618
28.8534
28.6749
88.6935
oopsl
oopsr
85.9013
54.0717
84.2053
24.8736
83.0859
27.9653
85.7835
52.0429
oopsl
oopsr
93.3879
91.0757
109.325
44.5364
34.1471
82.2251
92.7722
42.672
oopsr
100.31
46.6841
oopsl
46.3848
95.375
46.0366
86.2653
91.858
28.3868
oopsr
93.9224
48.3045
43.3102
snd fps: 54
33.8536
oopsl
46.3208
oopsr
90.3081
50.9106
43.7799
34.1202
89.2071
oopsr
95.728
46.6164
45.1947
oopsl
90.3202
49.6227
83.3869
43.0195
42.884
oopsl
oopsr
44.4136
49.336
41.5481
97.9525
28.5824
oopsl
oopsr
95.5412
87.1687
49.2332
43.879
54.1423
29.7198
92.7806
oopsl
oopsr
95.0362
48.2214
42.2615
36.8247
85.4647
oopsr
45.1883
oopsl
44.9833
118.205
42.9639
43.317
86.1476
oopsr
45.5271
49.0093
oopsl
45.0405
49.0592
41.3183
oopsr
95.4314
49.8354
oopsl
95.5697
48.7627
41.3847
99.6002
56.0261
84.5878
86.8568
snd fps: 52
42.4952
oopsr
94.9775
48.8287
oopsl
43.3264
54.2898
41.8235
85.6724
28.9858
oopsr
89.7786
oopsl
45.774
98.2295
98.4378
43.3968
56.383
43.1889
29.3339
oopsl
95.3182
49.2115
oopsr
95.1405
50.135
43.672
oopsl
95.5612
47.5249
43.2135
43.4959
43.0552
oopsr
95.3869
oopsl
94.2951
31.4028
96.7744
85.758
34.8857
4917.07
44.8154
42.145
105.212
oopsr
44.0792
oopsl
31.264
100.477
42.0529
90.3536
89.0299
40.9685
45.7566
oopsl
90.2329
100.818
116.744
oopsr
45.1013
48.3461
91.0815
83.2766
42.7515
oopsl
95.7381
47.8381
81.9039
oopsr
snd fps: 55
45.3218
6263.74
48.751
86.8007
87.5553
85.1448
87.7398
88.586
43.9197
82.2627
87.7787
88.1428
94.4319
88.0985
83.7341
93.919
91.1262
42.1686
oopsl
93.2637
85.8519
49.357
43.7756
oopsr
94.6523
47.6406
43.369
oopsl
95.7295
47.7153
46.0082
33.651
43.7822
oopsl
oopsr
43.9441
52.9011
82.8903
28.1727
45.2465
oopsl
oopsr
88.9465
51.5191
79.9192
45.6634
43.2061
28.3683
oopsl
oopsr
31.5651
93.0957
90.0861
42.3031
oopsr
95.1381
oopsl
44.6495
47.5645
44.1152
28.6463
41.2339
oopsl
45.9495
103.455
oopsr
109.577
45.1259
45.4999
oopsl
snd fps: 56
83.4959
55.9045
44.0059
28.1658
oopsr
95.4262
